0
0
0
0
0
0
0
0
0
0
0
0
0
0
0
0
0
0
0
0
0
0
0
0
0
0
0
0
0
0.012449
0.0237176
0
0
0
0
0.0148924
0.00767662
0
0.0154539
0
0
0.0233075
0
0
0
0.0165149
0.0247874
0.0128476
0.0170973
0.0170956
0
0
0.00887062
0
0.00905418
0.0180381
0.0136281
0.026996
0.0184582
0.0186255
0.0231549
0.0234571
0.0143004
0.0235545
0.014472
0
0
0.014561
0.0193608
0.0287077
0.024093
0.02431
0.0243076
0.014931
0.0149296
0.0290395
0.0295207
0.0294758
0.0153189
0.0252498
0.0255011
0.0206591
0.00527325
0.0156849
0.0260308
0.0259035
0.0211427
0.026149
0.031308
0.031522
0.0213243
0.0264221
0.0265926
0.0109538
0.0217213
0.0269245
0.0163915
0.0216863
0.021818
0.0218158
0.0218136
0.027151
0.0220416
0.0166247
0.016623
0.0274141
0.0326176
0.0167966
0.0274158
0.0275919
0.022381
0.0224707
0.0279922
0.028089
0.0227919
0.0227897
0.0227874
0.0229227
0.0283655
0.0284943
0.0338497
0.0173909
0.0173892
0.0173874
0.0173857
0.017384
0.0173822
0.0173805
0.0230866
0.0230843
0.0175426
0.0175408
0.0175391
0.0117549
0.0117537
0.0231401
0.0232664
0.0118352
0.0118341
0.0234927
0.0234903
0.023488
0.0346044
0.0292543
0.0177945
0.0291328
0.0236248
0.0236224
0.02362
0.0236177
0.0236153
0.0236129
0.0236106
0.0236082
0.0236059
0.0236035
0.0236837
0.0236813
0.0179973
0.0120648
0.0120636
0.0120623
0.0120611
0.0296262
0.0296233
0.0353227
0.0181391
0.0181373
0.018198
0.0181962
0.0181944
0.0240221
0.0182568
0.0241064
0.024104
0.0241016
0.0242364
0.0356545
0.0244131
0.0244107
0.030222
0.0246003
0.0245979
0.0245954
0.0245929
0.0245905
0.024588
0.0245856
0.0245831
0.0245806
0.0186689
0.0246571
0.0246547
0.0246522
0.0246497
0.0124809
0.0247756
0.0247731
0.0306723
0.0306692
0.0306661
0.0303732
0.0307717
0.0307687
0.0307656
0.0307625
0.0307594
0.0307564
0.0186873
0.0187847
0.0187828
0.0248583
0.0249387
0.0249362
0.0249337
0.0308719
0.0308688
0.0308657
0.0250069
0.0309627
0.0309596
0.0309565
0.0309534
0.0250811
0.0250785
0.025076
0.0250735
0.025071
0.0250685
0.025066
0.0250635
0.0310348
0.0251413
0.0251388
0.0251363
0.0251338
0.0251312
0.0251287
0.0311157
0.025211
0.0312199
0.0189663
0.0189644
0.0189625
0.0189606
0.0189587
0.0189568
0.0189549
0.018953
0.0189512
0.0189493
0.0189474
0.0189455
0.025025
0.0250225
0.02502
0.0250175
0.0189981
0.0189962
0.0250922
0.0250897
0.0190528
0.0190509
0.019049
0.0190471
0.0190452
0.0190433
0.0190414
0.0190395
0.0251494
0.0251469
0.025234
0.0191605
0.0191586
0.0192575
0.0315711
0.0315679
0.0316769
0.0256601
0.0256575
0.0256549
0.0256524
0.0256498
0.0318711
0.0318679
0.0319789
0.0316874
0.0257497
0.0257471
0.0257445
0.0195409
0.0258204
0.031984
0.0259076
0.0320942
0.0318051
0.0321882
0.032185
0.0382743
0.0323081
0.0324203
0.0318475
0.0322398
0.0264212
0.0264185
0.0264159
0.0264132
0.0324415
0.0265819
0.0329381
0.03265
0.0330505
0.0330472
0.0330439
0.0330406
0.0267374
0.0267348
0.0265038
0.0201071
0.0201051
0.0265753
0.0265727
0.02657
0.0265673
0.0265647
0.0329176
0.0329143
0.0326273
0.0330189
0.0330156
0.0327281
0.0331204
0.0268119
0.0332252
0.0332219
0.0329334
0.0269845
0.0269819
0.0269792
0.0269765
0.0269738
0.0269711
0.0269684
0.0270458
0.0335177
0.0271208
0.0271181
0.0271154
0.0271127
0.02711
0.0268778
0.020389
0.0203869
0.0203849
0.0203829
0.0203808
0.0203788
0.0203767
0.0269363
0.0269336
0.0269309
0.0204294
0.0204273
0.0204253
0.0204232
0.0204212
0.0204192
0.0269924
0.0269897
0.026987
0.0334434
0.0331542
0.0335547
0.0335513
0.0271566
0.0336561
0.0336527
0.0333642
0.0337632
0.033977
0.0339736
0.0339702
0.0336836
0.0340623
0.0340589
0.0340555
0.0340521
0.0337649
0.0337615
0.0265551
0.0336125
0.0340117
0.0340083
0.0341032
0.0275958
0.0275931
0.0275903
0.0275875
0.0275848
0.0341932
0.0341898
0.0276656
0.0276629
0.0209768
0.0209747
0.0209726
0.0209705
0.0209684
0.0209663
0.0277231
0.0277203
0.0277175
0.0277148
0.027712
0.0340669
0.0340635
0.0340601
0.0344523
0.0278679
0.0278651
0.0278624
0.0278596
0.0278568
0.027854
0.0278512
0.0342388
0.0346324
0.034629
0.0346255
0.0280078
0.028005
0.0280022
0.0279994
0.0279966
0.0279938
0.027991
0.0279882
0.0279854
0.0279826
0.0277499
0.0277471
0.0210414
0.027822
0.0344871
0.0344836
0.0344802
0.0278917
0.0346858
0.0346823
0.0280547
0.0347763
0.0281305
0.0348705
0.034867
0.0348635
0.0345719
0.0349722
0.0350854
0.0350819
0.0351963
0.0346242
0.0350036
0.0283085
0.0286161
0.0286133
0.0286104
0.0286075
0.0286047
0.0286018
0.02151
0.0215078
0.0284437
0.0215645
0.0215624
0.0285159
0.0353535
0.0286817
0.0285289
0.0285261
0.0285232
0.0286112
0.0286083
0.0354697
0.0354662
0.0355631
0.0287692
0.0290773
0.0290744
0.0290715
0.0290686
0.0290657
0.0290628
0.0290599
0.029057
0.0288236
0.0288207
0.0288178
0.0357316
0.028902
0.0288992
0.0358328
0.0289744
0.0290527
0.0290498
0.0290469
0.0360164
0.0361289
0.036226
0.0359352
0.0359316
0.0293744
0.0293714
0.0294495
0.0295278
0.0295248
0.0295219
0.0295189
0.0363186
0.0360283
0.0361429
0.029543
0.0366389
0.0366353
0.0366316
0.036628
0.0366243
0.0296058
0.0296028
0.0295999
0.0295969
0.0296746
0.0296716
0.0296686
0.0296657
0.0296627
0.0296597
0.0369012
0.0368975
0.0368938
0.0368901
0.0368864
0.0365975
0.036979
0.0369753
0.0298874
0.0298844
0.0298814
0.0298784
0.0296456
0.0296426
0.0296396
0.0364741
0.0364705
0.0368706
0.0368669
0.0298082
0.0298053
0.0298824
0.0226426
0.0226404
0.0226381
0.0299508
0.0371479
0.0371442
0.0371405
0.0371368
0.0372334
0.0369432
0.0373266
0.0301698
0.0301668
0.0301638
0.0301608
0.0301578
0.0301547
0.0301517
0.0301487
0.0301457
0.0302241
0.0302211
0.0302181
0.030215
0.030212
0.030209
0.030206
0.030203
0.0301999
0.0301969
0.0301939
0.0301909
0.0301879
0.0301848
0.0301818
0.0301788
0.0301758
0.0301728
0.0299385
0.0299355
0.0299325
0.0371238
0.0371201
0.0300139
0.0303242
0.0303212
0.0303181
0.0303151
0.0303121
0.030309
0.0300741
0.0300711
0.030068
0.0372923
0.0372885
0.0372848
0.0372811
0.0372774
0.0372736
0.0372699
0.0301258
0.0301228
0.0301198
0.0373564
0.0373526
0.0373489
0.0373452
0.0373414
0.0370491
0.0374472
0.0372733
0.0373995
0.0373958
0.037789
0.0377852
0.0377814
0.0377776
0.0305289
0.0305259
0.0305228
0.0305198
0.0305167
0.0305137
0.0305106
0.0305076
0.0305045
0.0305015
0.0304984
0.0304954
0.0304923
0.0304893
0.0304862
0.0304832
0.0304801
0.0304771
0.0378054
0.0378016
0.0377978
0.037794
0.0375041
0.0306311
0.0306281
0.030625
0.030622
0.0306189
0.0306158
0.0306128
0.0306097
0.0306066
0.0379679
0.0306811
0.030678
0.0377704
0.0305319
0.0305288
0.0378707
0.0378669
0.0378631
0.0378593
0.0306969
0.0306938
0.0306907
0.0306877
0.0306846
0.038066
0.0377772
0.0381772
0.0381734
0.0381695
0.0378818
0.0309267
0.0309237
0.0309206
0.0383609
0.0383571
0.0383533
0.0380645
0.0380607
0.0380569
0.0384496
0.0384457
0.0384419
0.0310599
0.0310568
0.0310537
0.0310506
0.0310474
0.0310443
0.0310412
0.0385108
0.038507
0.0385031
0.0382134
0.0382096
0.0308829
0.0383135
0.0383096
0.0309633
0.0384137
0.0381241
0.0385178
0.038514
0.0303512
0.0387357
0.0388318
0.038828
0.0385381
0.0389364
0.0389325
0.0314518
0.0314487
0.0314455
0.0314424
0.0314392
0.0390087
0.0315134
0.0315103
0.0315071
0.031504
0.0315008
0.0314977
0.0390812
0.0390773
0.0390734
0.0390695
0.0388795
0.0314909
0.0314878
0.0314846
0.0390643
0.0390604
0.0390565
0.0390526
0.0307811
0.0388583
0.0388545
0.0392526
0.0392487
0.0392448
0.0392408
0.0392369
0.0316967
0.0316935
0.0316904
0.0316872
0.0393175
0.0393136
0.0391232
0.0391193
0.0395035
0.0394995
0.0394956
0.0394916
0.0394877
0.0394837
0.0318961
0.0316616
0.0316584
0.0392809
0.039277
0.0389859
0.0393817
0.039479
0.0391869
0.039183
0.0391791
0.0395788
0.0398059
0.0399017
0.0396122
0.0399938
0.0399898
0.032299
0.0322957
0.0322925
0.0324514
0.0324481
0.0322141
0.032523
0.0325198
0.0325165
0.0325133
0.0400604
0.0400564
0.0397652
0.0401633
0.0401592
0.0324346
0.0324313
0.0324281
0.0324248
0.0402394
0.0324993
0.0324961
0.0324929
0.0324896
0.0324864
0.0324831
0.0324799
0.0324766
0.0324734
0.0324701
0.0324669
0.0324636
0.0324604
0.0324571
0.0324539
0.0324506
0.0402712
0.0325254
0.0325221
0.0325188
0.0403559
0.0325938
0.0325905
0.0325873
0.032584
0.0325807
0.0325775
0.0325742
0.0404246
0.0404206
0.0404166
0.0326429
0.0326396
0.0326364
0.0405018
0.0403104
0.04042
0.0404159
0.0401247
0.0318675
0.0318643
0.0402301
0.0406299
0.0407258
0.0328874
0.0328841
0.0328808
0.0328775
0.0328742
0.0408014
0.0409095
0.0409054
0.0330321
0.0330288
0.0330255
0.0330222
0.0406982
0.0406942
0.0408075
0.0332634
0.0330295
0.0409955
0.0325639
0.0325607
0.0411006
0.0410965
0.0410923
0.0410882
0.0410841
0.04108
0.0411877
0.0411836
0.0411795
0.0412917
0.0412876
0.0412835
0.0412793
0.0412752
0.0412711
0.0413846
0.0413804
0.0413763
0.0328707
0.0414791
0.041475
0.0416816
0.0416774
0.0336476
0.0336442
0.0336408
0.0336375
0.0336341
0.0336307
0.0336274
0.033624
0.0417394
0.0417352
0.041731
0.0336911
0.0418227
0.0418186
0.0415283
0.0415242
0.0416199
0.0330641
0.0330608
0.0417193
0.0417151
0.0336789
0.0336755
0.0336722
0.0417986
0.0417945
0.0417903
0.0417861
0.0337363
0.0337329
0.0418741
0.041985
0.0338947
0.0338913
0.0338879
0.0338846
0.0338812
0.0420599
0.0339553
0.0339519
0.0339485
0.0339451
0.0421392
0.0422359
0.0340973
0.0340939
0.0340904
0.034087
0.0338526
0.0420236
0.0420194
0.0420152
0.0339203
0.0339169
0.0421034
0.0420992
0.042095
0.0339847
0.0421877
0.0421835
0.0421793
0.042175
0.0421708
0.041991
0.0423886
0.0423844
0.034216
0.0342125
0.0342091
0.0424684
0.0425655
0.0426629
0.0426586
0.0426544
0.0426501
0.0426458
0.0426416
0.0426373
0.042633
0.0344166
0.0344132
0.0424328
0.0424285
0.0424243
0.04242
0.0424158
0.0342424
0.0425089
0.0425047
0.0426024
0.0425981
0.0343894
0.034386
0.0343825
0.0343791
0.0343756
0.0426746
0.0426703
0.042666
0.0427735
0.0428823
0.0428781
0.0346131
